-0.642787 0.766044 -0.000014 35.139221 0.766044 0.642787 -0.000013 -40.588127 -0.000001 -0.000019 -1.000000 -292.109985 0.000000 0.000000 0.000000 1.000000
-0.642786 0.766045 -0.000032 35.139221 0.766045 0.642787 -0.000029 -40.588127 -0.000002 -0.000043 -0.999999 -292.109985 0.000000 0.000000 0.000000 1.000000
-0.642786 0.766045 -0.000049 35.116722 0.766045 0.642787 -0.000049 -40.561306 -0.000006 -0.000069 -1.000000 -292.109985 0.000000 0.000000 0.000000 1.000000
-0.642784 0.766047 -0.000043 35.007244 0.766047 0.642784 -0.000071 -40.430824 -0.000027 -0.000078 -0.999999 -292.110016 0.000000 0.000000 0.000000 1.000000
-0.642781 0.766049 -0.000024 34.818188 0.766049 0.642782 -0.000068 -40.205513 -0.000037 -0.000062 -0.999999 -292.110016 0.000000 0.000000 0.000000 1.000000
-0.642777 0.766053 -0.000008 34.560665 0.766053 0.642777 -0.000038 -39.898598 -0.000024 -0.000030 -1.000000 -292.109985 0.000000 0.000000 0.000000 1.000000
-0.642770 0.766059 0.000007 34.244202 0.766059 0.642770 -0.000021 -39.521465 -0.000020 -0.000008 -0.999999 -292.109985 0.000000 0.000000 0.000000 1.000000
-0.642760 0.766067 0.000032 33.877048 0.766067 0.642760 -0.000028 -39.083889 -0.000042 0.000007 -0.999999 -292.110016 0.000000 0.000000 0.000000 1.000000
-0.642751 0.766074 0.000040 33.466251 0.766074 0.642752 -0.000029 -38.594307 -0.000048 0.000011 -1.000000 -292.110016 0.000000 0.000000 0.000000 1.000000
-0.642740 0.766083 0.000027 33.017914 0.766083 0.642741 -0.000018 -38.059978 -0.000031 0.000009 -0.999999 -292.109985 0.000000 0.000000 0.000000 1.000000
-0.642731 0.766091 0.000018 32.537266 0.766091 0.642732 -0.000023 -37.487133 -0.000029 -0.000001 -0.999999 -292.109985 0.000000 0.000000 0.000000 1.000000
-0.642719 0.766102 0.000014 32.028812 0.766102 0.642719 -0.000043 -36.881142 -0.000042 -0.000017 -0.999999 -292.110016 0.000000 0.000000 0.000000 1.000000
-0.642705 0.766113 -0.000009 31.496437 0.766113 0.642706 -0.000056 -36.246632 -0.000037 -0.000043 -0.999999 -292.110016 0.000000 0.000000 0.000000 1.000000
-0.642693 0.766123 -0.000048 30.943485 0.766123 0.642694 -0.000056 -35.587555 -0.000012 -0.000073 -0.999999 -292.109985 0.000000 0.000000 0.000000 1.000000
-0.642680 0.766134 -0.000070 30.372822 0.766134 0.642681 -0.000055 -34.907368 0.000003 -0.000089 -1.000000 -292.109985 0.000000 0.000000 0.000000 1.000000
-0.642665 0.766147 -0.000064 29.786905 0.766147 0.642666 -0.000062 -34.208984 -0.000006 -0.000089 -1.000000 -292.109985 0.000000 0.000000 0.000000 1.000000
-0.642650 0.766159 -0.000033 29.187876 0.766159 0.642651 -0.000069 -33.494953 -0.000031 -0.000069 -0.999999 -292.110016 0.000000 0.000000 0.000000 1.000000
-0.642636 0.766171 -0.000001 28.577562 0.766171 0.642636 -0.000050 -32.767460 -0.000038 -0.000033 -1.000000 -292.110016 0.000000 0.000000 0.000000 1.000000
-0.642621 0.766183 0.000012 27.957541 0.766183 0.642622 -0.000031 -32.028378 -0.000031 -0.000011 -0.999999 -292.109985 0.000000 0.000000 0.000000 1.000000
-0.642606 0.766196 0.000027 27.329166 0.766196 0.642606 -0.000032 -31.279310 -0.000042 0.000000 -1.000000 -292.110016 0.000000 0.000000 0.000000 1.000000
-0.642592 0.766208 0.000024 26.693617 0.766208 0.642592 -0.000027 -30.521660 -0.000036 0.000001 -0.999999 -292.109985 0.000000 0.000000 0.000000 1.000000
-0.642577 0.766221 0.000018 26.083937 0.766221 0.642577 -0.000029 -29.794838 -0.000034 -0.000005 -0.999999 -292.109985 0.000000 0.000000 0.000000 1.000000
-0.642564 0.766231 0.000004 25.557652 0.766231 0.642565 -0.000033 -29.167425 -0.000028 -0.000018 -0.999999 -292.109985 0.000000 0.000000 0.000000 1.000000
-0.642553 0.766241 -0.000013 25.104761 0.766241 0.642553 -0.000030 -28.627516 -0.000015 -0.000029 -0.999999 -292.109985 0.000000 0.000000 0.000000 1.000000
-0.642542 0.766250 -0.000038 24.757626 0.766250 0.642542 -0.000019 -28.213715 0.000010 -0.000042 -1.000000 -292.109985 0.000000 0.000000 0.000000 1.000000
-0.642535 0.766256 -0.000069 24.531462 0.766256 0.642535 0.000006 -27.944143 0.000049 -0.000050 -1.000000 -292.110016 0.000000 0.000000 0.000000 1.000000
-0.642531 0.766259 -0.000094 24.406242 0.766259 0.642532 0.000033 -27.794933 0.000086 -0.000051 -1.000000 -292.110016 0.000000 0.000000 0.000000 1.000000
-0.642529 0.766261 -0.000102 24.347342 0.766261 0.642529 0.000050 -27.724806 0.000104 -0.000046 -0.999999 -292.110016 0.000000 0.000000 0.000000 1.000000
-0.642526 0.766264 -0.000094 24.312502 0.766264 0.642526 0.000059 -27.683352 0.000106 -0.000034 -1.000000 -292.074036 0.000000 0.000000 0.000000 1.000000
-0.642524 0.766265 -0.000077 24.282898 0.766265 0.642524 0.000048 -27.648119 0.000086 -0.000029 -1.000000 -291.852112 0.000000 0.000000 0.000000 1.000000
-0.642521 0.766268 -0.000059 24.257446 0.766268 0.642522 0.000025 -27.617819 0.000057 -0.000030 -1.000000 -291.452515 0.000000 0.000000 0.000000 1.000000
-0.642519 0.766269 -0.000041 24.235556 0.766269 0.642519 -0.000007 -27.591740 0.000021 -0.000036 -0.999999 -290.900024 0.000000 0.000000 0.000000 1.000000
-0.642518 0.766270 -0.000026 24.216719 0.766270 0.642518 -0.000040 -27.569302 -0.000014 -0.000046 -1.000000 -290.215942 0.000000 0.000000 0.000000 1.000000
-0.642518 0.766270 -0.000017 24.200520 0.766270 0.642518 -0.000068 -27.549974 -0.000041 -0.000057 -1.000000 -289.418549 0.000000 0.000000 0.000000 1.000000
-0.642518 0.766270 -0.000015 24.186581 0.766270 0.642518 -0.000090 -27.533335 -0.000059 -0.000070 -1.000000 -288.523712 0.000000 0.000000 0.000000 1.000000
-0.642518 0.766270 -0.000021 24.174597 0.766270 0.642518 -0.000101 -27.518995 -0.000063 -0.000081 -1.000000 -287.544983 0.000000 0.000000 0.000000 1.000000
-0.642518 0.766270 -0.000033 24.164291 0.766270 0.642518 -0.000096 -27.506636 -0.000053 -0.000087 -1.000000 -286.494110 0.000000 0.000000 0.000000 1.000000
-0.642518 0.766270 -0.000043 24.155426 0.766270 0.642518 -0.000078 -27.495991 -0.000032 -0.000083 -1.000000 -285.482910 0.000000 0.000000 0.000000 1.000000
-0.642518 0.766270 -0.000047 24.147793 0.766270 0.642518 -0.000050 -27.486834 -0.000008 -0.000068 -1.000000 -284.623016 0.000000 0.000000 0.000000 1.000000
-0.642518 0.766270 -0.000048 24.141220 0.766270 0.642518 -0.000016 -27.478956 0.000018 -0.000047 -1.000000 -283.933594 0.000000 0.000000 0.000000 1.000000
-0.642518 0.766270 -0.000046 24.135559 0.766270 0.642519 0.000016 -27.472179 0.000042 -0.000025 -0.999999 -283.438110 0.000000 0.000000 0.000000 1.000000
-0.642518 0.766270 -0.000041 24.130686 0.766270 0.642519 0.000040 -27.466347 0.000057 -0.000006 -0.999999 -283.032288 0.000000 0.000000 0.000000 1.000000
-0.642518 0.766270 -0.000038 24.126495 0.766270 0.642519 0.000049 -27.461338 0.000062 0.000002 -0.999999 -282.485657 0.000000 0.000000 0.000000 1.000000
-0.642518 0.766270 -0.000044 24.122908 0.766270 0.642519 0.000038 -27.457031 0.000057 -0.000009 -0.999999 -281.860901 0.000000 0.000000 0.000000 1.000000
-0.642518 0.766270 -0.000046 24.119812 0.766270 0.642519 0.000017 -27.453325 0.000042 -0.000024 -0.999999 -281.314911 0.000000 0.000000 0.000000 1.000000
-0.642518 0.766270 -0.000048 24.117153 0.766270 0.642518 -0.000009 -27.450136 0.000024 -0.000043 -1.000000 -280.877502 0.000000 0.000000 0.000000 1.000000
-0.642518 0.766270 -0.000045 24.114851 0.766270 0.642518 -0.000033 -27.447395 0.000003 -0.000056 -1.000000 -280.609131 0.000000 0.000000 0.000000 1.000000
-0.642518 0.766270 -0.000034 24.098740 0.766270 0.642518 -0.000051 -27.428169 -0.000017 -0.000059 -1.000000 -280.458191 0.000000 0.000000 0.000000 1.000000
-0.642516 0.766271 -0.000021 24.005392 0.766271 0.642517 -0.000063 -27.316851 -0.000035 -0.000057 -0.999999 -280.330444 0.000000 0.000000 0.000000 1.000000
-0.642514 0.766274 -0.000019 23.830261 0.766274 0.642514 -0.000049 -27.107994 -0.000025 -0.000046 -0.999999 -280.220459 0.000000 0.000000 0.000000 1.000000
-0.642509 0.766277 -0.000018 23.584745 0.766277 0.642510 -0.000029 -26.815208 -0.000011 -0.000032 -1.000000 -280.125854 0.000000 0.000000 0.000000 1.000000
-0.642502 0.766284 -0.000001 23.278694 0.766284 0.642502 -0.000024 -26.450182 -0.000018 -0.000016 -1.000000 -280.044434 0.000000 0.000000 0.000000 1.000000
-0.642492 0.766292 0.000020 22.920517 0.766292 0.642493 -0.000044 -26.023014 -0.000047 -0.000013 -0.999999 -279.974396 0.000000 0.000000 0.000000 1.000000
-0.642482 0.766300 0.000020 22.517485 0.766300 0.642483 -0.000049 -25.542345 -0.000050 -0.000016 -1.000000 -279.914093 0.000000 0.000000 0.000000 1.000000
-0.642471 0.766309 -0.000005 22.075871 0.766309 0.642472 -0.000037 -25.015650 -0.000025 -0.000027 -1.000000 -279.862213 0.000000 0.000000 0.000000 1.000000
-0.642460 0.766319 -0.000026 21.601049 0.766319 0.642460 -0.000039 -24.449337 -0.000013 -0.000045 -1.000000 -279.817566 0.000000 0.000000 0.000000 1.000000
-0.642447 0.766329 -0.000030 21.097649 0.766329 0.642448 -0.000053 -23.848938 -0.000021 -0.000057 -0.999999 -279.779144 0.000000 0.000000 0.000000 1.000000
-0.642435 0.766339 -0.000027 20.569662 0.766339 0.642436 -0.000063 -23.219198 -0.000031 -0.000061 -1.000000 -279.746155 0.000000 0.000000 0.000000 1.000000
-0.642423 0.766350 -0.000035 20.020519 0.766350 0.642424 -0.000049 -22.564205 -0.000015 -0.000058 -0.999999 -279.717651 0.000000 0.000000 0.000000 1.000000
-0.642409 0.766361 -0.000027 19.453167 0.766361 0.642410 -0.000040 -21.887487 -0.000013 -0.000046 -0.999999 -279.693207 0.000000 0.000000 0.000000 1.000000
-0.642395 0.766373 -0.000003 18.870152 0.766373 0.642396 -0.000047 -21.192072 -0.000034 -0.000033 -0.999999 -279.672150 0.000000 0.000000 0.000000 1.000000
-0.642381 0.766385 0.000009 18.273666 0.766385 0.642381 -0.000057 -20.480564 -0.000049 -0.000030 -0.999999 -279.654022 0.000000 0.000000 0.000000 1.000000
-0.642367 0.766397 -0.000004 17.665581 0.766397 0.642367 -0.000060 -19.755196 -0.000043 -0.000042 -1.000000 -279.638458 0.000000 0.000000 0.000000 1.000000
-0.642351 0.766410 -0.000038 17.047527 0.766410 0.642352 -0.000052 -19.017910 -0.000015 -0.000062 -0.999999 -279.625000 0.000000 0.000000 0.000000 1.000000
-0.642336 0.766422 -0.000059 16.420879 0.766422 0.642337 -0.000045 -18.270363 0.000003 -0.000074 -0.999999 -279.613525 0.000000 0.000000 0.000000 1.000000
-0.642320 0.766436 -0.000057 15.796581 0.766436 0.642321 -0.000048 -17.525599 -0.000001 -0.000075 -0.999999 -279.603607 0.000000 0.000000 0.000000 1.000000
