-0.642787 0.766044 -0.000014 35.139221 0.766044 0.642787 -0.000013 -40.588127 -0.000001 -0.000019 -1.000000 -299.609985 0.000000 0.000000 0.000000 1.000000
-0.642786 0.766045 -0.000032 35.139221 0.766045 0.642787 -0.000029 -40.588127 -0.000002 -0.000043 -0.999999 -299.609985 0.000000 0.000000 0.000000 1.000000
-0.642786 0.766045 -0.000054 35.139221 0.766045 0.642787 -0.000046 -40.588127 -0.000001 -0.000071 -1.000000 -299.560608 0.000000 0.000000 0.000000 1.000000
-0.642786 0.766045 -0.000068 35.139221 0.766045 0.642787 -0.000056 -40.588123 0.000001 -0.000088 -1.000000 -299.368439 0.000000 0.000000 0.000000 1.000000
-0.642786 0.766045 -0.000073 35.139225 0.766045 0.642787 -0.000058 -40.588123 0.000003 -0.000093 -1.000000 -299.115265 0.000000 0.000000 0.000000 1.000000
-0.642786 0.766045 -0.000070 35.139225 0.766045 0.642787 -0.000049 -40.588123 0.000007 -0.000085 -0.999999 -298.800720 0.000000 0.000000 0.000000 1.000000
-0.642786 0.766045 -0.000059 35.139225 0.766045 0.642787 -0.000037 -40.588123 0.000010 -0.000069 -1.000000 -298.395996 0.000000 0.000000 0.000000 1.000000
-0.642786 0.766045 -0.000044 35.139221 0.766045 0.642787 -0.000021 -40.588127 0.000012 -0.000047 -0.999999 -297.917236 0.000000 0.000000 0.000000 1.000000
-0.642787 0.766044 -0.000027 35.139221 0.766044 0.642787 -0.000006 -40.588127 0.000012 -0.000024 -1.000000 -297.387604 0.000000 0.000000 0.000000 1.000000
-0.642787 0.766044 -0.000012 35.139221 0.766044 0.642787 0.000005 -40.588127 0.000012 -0.000006 -1.000000 -296.830231 0.000000 0.000000 0.000000 1.000000
-0.642787 0.766044 -0.000003 35.139221 0.766044 0.642788 0.000009 -40.588127 0.000009 0.000004 -1.000000 -296.271973 0.000000 0.000000 0.000000 1.000000
-0.642787 0.766044 -0.000001 35.139221 0.766044 0.642787 0.000001 -40.588127 0.000002 0.000000 -1.000000 -295.713409 0.000000 0.000000 0.000000 1.000000
-0.642787 0.766044 -0.000010 35.139221 0.766044 0.642787 -0.000013 -40.588127 -0.000003 -0.000016 -1.000000 -295.170746 0.000000 0.000000 0.000000 1.000000
-0.642786 0.766045 -0.000024 35.139221 0.766045 0.642787 -0.000028 -40.588127 -0.000006 -0.000036 -0.999999 -294.605957 0.000000 0.000000 0.000000 1.000000
-0.642786 0.766045 -0.000039 35.139221 0.766045 0.642787 -0.000043 -40.588123 -0.000008 -0.000057 -1.000000 -294.021790 0.000000 0.000000 0.000000 1.000000
-0.642786 0.766045 -0.000050 35.139221 0.766045 0.642787 -0.000051 -40.588123 -0.000007 -0.000071 -1.000000 -293.493500 0.000000 0.000000 0.000000 1.000000
